FATAL 2021-05-13 21:50:49.778 [main] Main (Main.java:15) - x=-2, a=10
INFO  2021-05-13 22:25:32.002 [main] CalculatorTest (CalculatorTest.java:17) - Перед каждым
INFO  2021-05-13 22:25:32.146 [main] CalculatorTest (CalculatorTest.java:22) - После каждого
INFO  2021-05-13 22:25:32.158 [main] CalculatorTest (CalculatorTest.java:17) - Перед каждым
INFO  2021-05-13 22:25:32.160 [main] CalculatorTest (CalculatorTest.java:22) - После каждого
INFO  2021-05-13 22:25:32.162 [main] CalculatorTest (CalculatorTest.java:17) - Перед каждым
INFO  2021-05-13 22:25:32.164 [main] CalculatorTest (CalculatorTest.java:22) - После каждого
INFO  2021-05-13 22:25:32.168 [main] CalculatorTest (CalculatorTest.java:17) - Перед каждым
INFO  2021-05-13 22:25:32.169 [main] CalculatorTest (CalculatorTest.java:22) - После каждого
INFO  2021-05-13 22:25:32.174 [main] CalculatorTest (CalculatorTest.java:27) - После всех
INFO  2021-05-13 22:34:21.493 [main] CalculatorTest (CalculatorTest.java:19) - Перед каждым
INFO  2021-05-13 22:34:21.686 [main] CalculatorTest (CalculatorTest.java:24) - После каждого
INFO  2021-05-13 22:34:21.699 [main] CalculatorTest (CalculatorTest.java:19) - Перед каждым
INFO  2021-05-13 22:34:21.700 [main] CalculatorTest (CalculatorTest.java:24) - После каждого
INFO  2021-05-13 22:34:21.703 [main] CalculatorTest (CalculatorTest.java:19) - Перед каждым
INFO  2021-05-13 22:34:21.705 [main] CalculatorTest (CalculatorTest.java:24) - После каждого
INFO  2021-05-13 22:34:21.707 [main] CalculatorTest (CalculatorTest.java:19) - Перед каждым
INFO  2021-05-13 22:34:21.708 [main] CalculatorTest (CalculatorTest.java:24) - После каждого
INFO  2021-05-13 22:34:21.712 [main] CalculatorTest (CalculatorTest.java:29) - После всех
INFO  2021-05-13 22:36:57.964 [main] CalculatorTest (CalculatorTest.java:27) - Перед каждым
INFO  2021-05-13 22:36:58.173 [main] CalculatorTest (CalculatorTest.java:32) - После каждого
INFO  2021-05-13 22:36:58.185 [main] CalculatorTest (CalculatorTest.java:27) - Перед каждым
INFO  2021-05-13 22:36:58.188 [main] CalculatorTest (CalculatorTest.java:32) - После каждого
INFO  2021-05-13 22:36:58.192 [main] CalculatorTest (CalculatorTest.java:27) - Перед каждым
INFO  2021-05-13 22:36:58.195 [main] CalculatorTest (CalculatorTest.java:32) - После каждого
INFO  2021-05-13 22:36:58.199 [main] CalculatorTest (CalculatorTest.java:27) - Перед каждым
INFO  2021-05-13 22:36:58.201 [main] CalculatorTest (CalculatorTest.java:32) - После каждого
INFO  2021-05-13 22:36:58.205 [main] CalculatorTest (CalculatorTest.java:27) - Перед каждым
INFO  2021-05-13 22:36:58.207 [main] CalculatorTest (CalculatorTest.java:32) - После каждого
INFO  2021-05-13 22:36:58.209 [main] CalculatorTest (CalculatorTest.java:27) - Перед каждым
INFO  2021-05-13 22:36:58.210 [main] CalculatorTest (CalculatorTest.java:32) - После каждого
INFO  2021-05-13 22:36:58.226 [main] CalculatorTest (CalculatorTest.java:37) - После всех
INFO  2021-05-13 22:41:16.658 [main] CalculatorTest (CalculatorTest.java:38) - Перед каждым
INFO  2021-05-13 22:41:17.242 [main] CalculatorTest (CalculatorTest.java:43) - После каждого
INFO  2021-05-13 22:41:17.280 [main] CalculatorTest (CalculatorTest.java:38) - Перед каждым
INFO  2021-05-13 22:41:17.288 [main] CalculatorTest (CalculatorTest.java:43) - После каждого
INFO  2021-05-13 22:41:17.309 [main] CalculatorTest (CalculatorTest.java:38) - Перед каждым
INFO  2021-05-13 22:41:17.313 [main] CalculatorTest (CalculatorTest.java:43) - После каждого
INFO  2021-05-13 22:41:17.334 [main] CalculatorTest (CalculatorTest.java:38) - Перед каждым
INFO  2021-05-13 22:41:17.339 [main] CalculatorTest (CalculatorTest.java:43) - После каждого
INFO  2021-05-13 22:41:17.369 [main] CalculatorTest (CalculatorTest.java:38) - Перед каждым
INFO  2021-05-13 22:41:17.374 [main] CalculatorTest (CalculatorTest.java:43) - После каждого
INFO  2021-05-13 22:41:17.397 [main] CalculatorTest (CalculatorTest.java:38) - Перед каждым
INFO  2021-05-13 22:41:17.401 [main] CalculatorTest (CalculatorTest.java:43) - После каждого
INFO  2021-05-13 22:41:17.415 [main] CalculatorTest (CalculatorTest.java:38) - Перед каждым
INFO  2021-05-13 22:41:17.419 [main] CalculatorTest (CalculatorTest.java:43) - После каждого
INFO  2021-05-13 22:41:17.429 [main] CalculatorTest (CalculatorTest.java:38) - Перед каждым
INFO  2021-05-13 22:41:17.432 [main] CalculatorTest (CalculatorTest.java:43) - После каждого
INFO  2021-05-13 22:41:17.453 [main] CalculatorTest (CalculatorTest.java:38) - Перед каждым
INFO  2021-05-13 22:41:17.457 [main] CalculatorTest (CalculatorTest.java:43) - После каждого
INFO  2021-05-13 22:41:17.466 [main] CalculatorTest (CalculatorTest.java:38) - Перед каждым
INFO  2021-05-13 22:41:17.471 [main] CalculatorTest (CalculatorTest.java:43) - После каждого
INFO  2021-05-13 22:41:17.494 [main] CalculatorTest (CalculatorTest.java:38) - Перед каждым
INFO  2021-05-13 22:41:17.498 [main] CalculatorTest (CalculatorTest.java:43) - После каждого
INFO  2021-05-13 22:41:17.512 [main] CalculatorTest (CalculatorTest.java:38) - Перед каждым
INFO  2021-05-13 22:41:17.515 [main] CalculatorTest (CalculatorTest.java:43) - После каждого
INFO  2021-05-13 22:41:17.527 [main] CalculatorTest (CalculatorTest.java:38) - Перед каждым
INFO  2021-05-13 22:41:17.530 [main] CalculatorTest (CalculatorTest.java:43) - После каждого
INFO  2021-05-13 22:41:17.541 [main] CalculatorTest (CalculatorTest.java:38) - Перед каждым
INFO  2021-05-13 22:41:17.544 [main] CalculatorTest (CalculatorTest.java:43) - После каждого
INFO  2021-05-13 22:41:17.553 [main] CalculatorTest (CalculatorTest.java:38) - Перед каждым
INFO  2021-05-13 22:41:17.557 [main] CalculatorTest (CalculatorTest.java:43) - После каждого
INFO  2021-05-13 22:41:17.566 [main] CalculatorTest (CalculatorTest.java:38) - Перед каждым
INFO  2021-05-13 22:41:17.585 [main] CalculatorTest (CalculatorTest.java:43) - После каждого
INFO  2021-05-13 22:41:17.597 [main] CalculatorTest (CalculatorTest.java:38) - Перед каждым
INFO  2021-05-13 22:41:17.600 [main] CalculatorTest (CalculatorTest.java:43) - После каждого
INFO  2021-05-13 22:41:17.609 [main] CalculatorTest (CalculatorTest.java:38) - Перед каждым
INFO  2021-05-13 22:41:17.613 [main] CalculatorTest (CalculatorTest.java:43) - После каждого
INFO  2021-05-13 22:41:17.621 [main] CalculatorTest (CalculatorTest.java:38) - Перед каждым
INFO  2021-05-13 22:41:17.624 [main] CalculatorTest (CalculatorTest.java:43) - После каждого
INFO  2021-05-13 22:41:17.632 [main] CalculatorTest (CalculatorTest.java:38) - Перед каждым
INFO  2021-05-13 22:41:17.637 [main] CalculatorTest (CalculatorTest.java:43) - После каждого
INFO  2021-05-13 22:41:17.645 [main] CalculatorTest (CalculatorTest.java:38) - Перед каждым
INFO  2021-05-13 22:41:17.648 [main] CalculatorTest (CalculatorTest.java:43) - После каждого
INFO  2021-05-13 22:41:17.657 [main] CalculatorTest (CalculatorTest.java:38) - Перед каждым
INFO  2021-05-13 22:41:17.661 [main] CalculatorTest (CalculatorTest.java:43) - После каждого
INFO  2021-05-13 22:41:17.668 [main] CalculatorTest (CalculatorTest.java:38) - Перед каждым
INFO  2021-05-13 22:41:17.671 [main] CalculatorTest (CalculatorTest.java:43) - После каждого
INFO  2021-05-13 22:41:17.680 [main] CalculatorTest (CalculatorTest.java:38) - Перед каждым
INFO  2021-05-13 22:41:17.683 [main] CalculatorTest (CalculatorTest.java:43) - После каждого
INFO  2021-05-13 22:41:17.692 [main] CalculatorTest (CalculatorTest.java:38) - Перед каждым
INFO  2021-05-13 22:41:17.696 [main] CalculatorTest (CalculatorTest.java:43) - После каждого
INFO  2021-05-13 22:41:17.704 [main] CalculatorTest (CalculatorTest.java:38) - Перед каждым
INFO  2021-05-13 22:41:17.707 [main] CalculatorTest (CalculatorTest.java:43) - После каждого
INFO  2021-05-13 22:41:17.714 [main] CalculatorTest (CalculatorTest.java:38) - Перед каждым
INFO  2021-05-13 22:41:17.716 [main] CalculatorTest (CalculatorTest.java:43) - После каждого
INFO  2021-05-13 22:41:17.727 [main] CalculatorTest (CalculatorTest.java:38) - Перед каждым
INFO  2021-05-13 22:41:17.730 [main] CalculatorTest (CalculatorTest.java:43) - После каждого
INFO  2021-05-13 22:41:17.739 [main] CalculatorTest (CalculatorTest.java:38) - Перед каждым
INFO  2021-05-13 22:41:17.743 [main] CalculatorTest (CalculatorTest.java:43) - После каждого
INFO  2021-05-13 22:41:17.750 [main] CalculatorTest (CalculatorTest.java:38) - Перед каждым
INFO  2021-05-13 22:41:17.754 [main] CalculatorTest (CalculatorTest.java:43) - После каждого
INFO  2021-05-13 22:41:17.762 [main] CalculatorTest (CalculatorTest.java:38) - Перед каждым
INFO  2021-05-13 22:41:17.765 [main] CalculatorTest (CalculatorTest.java:43) - После каждого
INFO  2021-05-13 22:41:17.773 [main] CalculatorTest (CalculatorTest.java:38) - Перед каждым
INFO  2021-05-13 22:41:17.777 [main] CalculatorTest (CalculatorTest.java:43) - После каждого
INFO  2021-05-13 22:41:17.788 [main] CalculatorTest (CalculatorTest.java:38) - Перед каждым
INFO  2021-05-13 22:41:17.793 [main] CalculatorTest (CalculatorTest.java:43) - После каждого
INFO  2021-05-13 22:41:17.800 [main] CalculatorTest (CalculatorTest.java:38) - Перед каждым
INFO  2021-05-13 22:41:17.802 [main] CalculatorTest (CalculatorTest.java:43) - После каждого
INFO  2021-05-13 22:41:17.810 [main] CalculatorTest (CalculatorTest.java:38) - Перед каждым
INFO  2021-05-13 22:41:17.813 [main] CalculatorTest (CalculatorTest.java:43) - После каждого
INFO  2021-05-13 22:41:17.821 [main] CalculatorTest (CalculatorTest.java:38) - Перед каждым
INFO  2021-05-13 22:41:17.826 [main] CalculatorTest (CalculatorTest.java:43) - После каждого
INFO  2021-05-13 22:41:17.846 [main] CalculatorTest (CalculatorTest.java:38) - Перед каждым
INFO  2021-05-13 22:41:17.849 [main] CalculatorTest (CalculatorTest.java:43) - После каждого
INFO  2021-05-13 22:41:17.858 [main] CalculatorTest (CalculatorTest.java:38) - Перед каждым
INFO  2021-05-13 22:41:17.860 [main] CalculatorTest (CalculatorTest.java:43) - После каждого
INFO  2021-05-13 22:41:17.867 [main] CalculatorTest (CalculatorTest.java:38) - Перед каждым
INFO  2021-05-13 22:41:17.868 [main] CalculatorTest (CalculatorTest.java:43) - После каждого
INFO  2021-05-13 22:41:17.875 [main] CalculatorTest (CalculatorTest.java:38) - Перед каждым
INFO  2021-05-13 22:41:17.877 [main] CalculatorTest (CalculatorTest.java:43) - После каждого
INFO  2021-05-13 22:41:17.884 [main] CalculatorTest (CalculatorTest.java:38) - Перед каждым
INFO  2021-05-13 22:41:17.887 [main] CalculatorTest (CalculatorTest.java:43) - После каждого
INFO  2021-05-13 22:41:17.892 [main] CalculatorTest (CalculatorTest.java:38) - Перед каждым
INFO  2021-05-13 22:41:17.894 [main] CalculatorTest (CalculatorTest.java:43) - После каждого
INFO  2021-05-13 22:41:17.899 [main] CalculatorTest (CalculatorTest.java:38) - Перед каждым
INFO  2021-05-13 22:41:17.900 [main] CalculatorTest (CalculatorTest.java:43) - После каждого
INFO  2021-05-13 22:41:17.908 [main] CalculatorTest (CalculatorTest.java:38) - Перед каждым
INFO  2021-05-13 22:41:17.914 [main] CalculatorTest (CalculatorTest.java:43) - После каждого
INFO  2021-05-13 22:41:17.921 [main] CalculatorTest (CalculatorTest.java:38) - Перед каждым
INFO  2021-05-13 22:41:17.925 [main] CalculatorTest (CalculatorTest.java:43) - После каждого
INFO  2021-05-13 22:41:17.932 [main] CalculatorTest (CalculatorTest.java:38) - Перед каждым
INFO  2021-05-13 22:41:17.935 [main] CalculatorTest (CalculatorTest.java:43) - После каждого
INFO  2021-05-13 22:41:17.943 [main] CalculatorTest (CalculatorTest.java:38) - Перед каждым
INFO  2021-05-13 22:41:17.945 [main] CalculatorTest (CalculatorTest.java:43) - После каждого
INFO  2021-05-13 22:41:17.952 [main] CalculatorTest (CalculatorTest.java:38) - Перед каждым
INFO  2021-05-13 22:41:17.957 [main] CalculatorTest (CalculatorTest.java:43) - После каждого
INFO  2021-05-13 22:41:17.964 [main] CalculatorTest (CalculatorTest.java:38) - Перед каждым
INFO  2021-05-13 22:41:17.965 [main] CalculatorTest (CalculatorTest.java:43) - После каждого
INFO  2021-05-13 22:41:17.977 [main] CalculatorTest (CalculatorTest.java:38) - Перед каждым
INFO  2021-05-13 22:41:17.980 [main] CalculatorTest (CalculatorTest.java:43) - После каждого
INFO  2021-05-13 22:41:17.989 [main] CalculatorTest (CalculatorTest.java:38) - Перед каждым
INFO  2021-05-13 22:41:17.993 [main] CalculatorTest (CalculatorTest.java:43) - После каждого
INFO  2021-05-13 22:41:18.004 [main] CalculatorTest (CalculatorTest.java:38) - Перед каждым
INFO  2021-05-13 22:41:18.007 [main] CalculatorTest (CalculatorTest.java:43) - После каждого
INFO  2021-05-13 22:41:18.012 [main] CalculatorTest (CalculatorTest.java:38) - Перед каждым
INFO  2021-05-13 22:41:18.015 [main] CalculatorTest (CalculatorTest.java:43) - После каждого
INFO  2021-05-13 22:41:18.022 [main] CalculatorTest (CalculatorTest.java:38) - Перед каждым
INFO  2021-05-13 22:41:18.024 [main] CalculatorTest (CalculatorTest.java:43) - После каждого
INFO  2021-05-13 22:41:18.031 [main] CalculatorTest (CalculatorTest.java:38) - Перед каждым
INFO  2021-05-13 22:41:18.034 [main] CalculatorTest (CalculatorTest.java:43) - После каждого
INFO  2021-05-13 22:41:18.041 [main] CalculatorTest (CalculatorTest.java:38) - Перед каждым
INFO  2021-05-13 22:41:18.043 [main] CalculatorTest (CalculatorTest.java:43) - После каждого
INFO  2021-05-13 22:41:18.048 [main] CalculatorTest (CalculatorTest.java:38) - Перед каждым
INFO  2021-05-13 22:41:18.050 [main] CalculatorTest (CalculatorTest.java:43) - После каждого
INFO  2021-05-13 22:41:18.058 [main] CalculatorTest (CalculatorTest.java:38) - Перед каждым
INFO  2021-05-13 22:41:18.060 [main] CalculatorTest (CalculatorTest.java:43) - После каждого
INFO  2021-05-13 22:41:18.066 [main] CalculatorTest (CalculatorTest.java:38) - Перед каждым
INFO  2021-05-13 22:41:18.068 [main] CalculatorTest (CalculatorTest.java:43) - После каждого
INFO  2021-05-13 22:41:18.074 [main] CalculatorTest (CalculatorTest.java:38) - Перед каждым
INFO  2021-05-13 22:41:18.077 [main] CalculatorTest (CalculatorTest.java:43) - После каждого
INFO  2021-05-13 22:41:18.082 [main] CalculatorTest (CalculatorTest.java:38) - Перед каждым
INFO  2021-05-13 22:41:18.085 [main] CalculatorTest (CalculatorTest.java:43) - После каждого
INFO  2021-05-13 22:41:18.092 [main] CalculatorTest (CalculatorTest.java:38) - Перед каждым
INFO  2021-05-13 22:41:18.094 [main] CalculatorTest (CalculatorTest.java:43) - После каждого
INFO  2021-05-13 22:41:18.102 [main] CalculatorTest (CalculatorTest.java:38) - Перед каждым
INFO  2021-05-13 22:41:18.105 [main] CalculatorTest (CalculatorTest.java:43) - После каждого
INFO  2021-05-13 22:41:18.116 [main] CalculatorTest (CalculatorTest.java:38) - Перед каждым
INFO  2021-05-13 22:41:18.123 [main] CalculatorTest (CalculatorTest.java:43) - После каждого
INFO  2021-05-13 22:41:18.131 [main] CalculatorTest (CalculatorTest.java:38) - Перед каждым
INFO  2021-05-13 22:41:18.134 [main] CalculatorTest (CalculatorTest.java:43) - После каждого
INFO  2021-05-13 22:41:18.141 [main] CalculatorTest (CalculatorTest.java:38) - Перед каждым
INFO  2021-05-13 22:41:18.146 [main] CalculatorTest (CalculatorTest.java:43) - После каждого
INFO  2021-05-13 22:41:18.150 [main] CalculatorTest (CalculatorTest.java:38) - Перед каждым
INFO  2021-05-13 22:41:18.154 [main] CalculatorTest (CalculatorTest.java:43) - После каждого
INFO  2021-05-13 22:41:18.161 [main] CalculatorTest (CalculatorTest.java:38) - Перед каждым
INFO  2021-05-13 22:41:18.164 [main] CalculatorTest (CalculatorTest.java:43) - После каждого
INFO  2021-05-13 22:41:18.170 [main] CalculatorTest (CalculatorTest.java:38) - Перед каждым
INFO  2021-05-13 22:41:18.173 [main] CalculatorTest (CalculatorTest.java:43) - После каждого
INFO  2021-05-13 22:41:18.178 [main] CalculatorTest (CalculatorTest.java:38) - Перед каждым
INFO  2021-05-13 22:41:18.180 [main] CalculatorTest (CalculatorTest.java:43) - После каждого
INFO  2021-05-13 22:41:18.187 [main] CalculatorTest (CalculatorTest.java:38) - Перед каждым
INFO  2021-05-13 22:41:18.190 [main] CalculatorTest (CalculatorTest.java:43) - После каждого
INFO  2021-05-13 22:41:18.197 [main] CalculatorTest (CalculatorTest.java:38) - Перед каждым
INFO  2021-05-13 22:41:18.199 [main] CalculatorTest (CalculatorTest.java:43) - После каждого
INFO  2021-05-13 22:41:18.207 [main] CalculatorTest (CalculatorTest.java:38) - Перед каждым
INFO  2021-05-13 22:41:18.209 [main] CalculatorTest (CalculatorTest.java:43) - После каждого
INFO  2021-05-13 22:41:18.215 [main] CalculatorTest (CalculatorTest.java:38) - Перед каждым
INFO  2021-05-13 22:41:18.217 [main] CalculatorTest (CalculatorTest.java:43) - После каждого
INFO  2021-05-13 22:41:18.233 [main] CalculatorTest (CalculatorTest.java:38) - Перед каждым
INFO  2021-05-13 22:41:18.237 [main] CalculatorTest (CalculatorTest.java:43) - После каждого
INFO  2021-05-13 22:41:18.350 [main] CalculatorTest (CalculatorTest.java:38) - Перед каждым
INFO  2021-05-13 22:41:18.354 [main] CalculatorTest (CalculatorTest.java:43) - После каждого
INFO  2021-05-13 22:41:18.362 [main] CalculatorTest (CalculatorTest.java:38) - Перед каждым
INFO  2021-05-13 22:41:18.365 [main] CalculatorTest (CalculatorTest.java:43) - После каждого
INFO  2021-05-13 22:41:18.374 [main] CalculatorTest (CalculatorTest.java:38) - Перед каждым
INFO  2021-05-13 22:41:18.377 [main] CalculatorTest (CalculatorTest.java:43) - После каждого
INFO  2021-05-13 22:41:18.384 [main] CalculatorTest (CalculatorTest.java:38) - Перед каждым
INFO  2021-05-13 22:41:18.388 [main] CalculatorTest (CalculatorTest.java:43) - После каждого
INFO  2021-05-13 22:41:18.400 [main] CalculatorTest (CalculatorTest.java:38) - Перед каждым
INFO  2021-05-13 22:41:18.404 [main] CalculatorTest (CalculatorTest.java:43) - После каждого
INFO  2021-05-13 22:41:18.409 [main] CalculatorTest (CalculatorTest.java:38) - Перед каждым
INFO  2021-05-13 22:41:18.411 [main] CalculatorTest (CalculatorTest.java:43) - После каждого
INFO  2021-05-13 22:41:18.417 [main] CalculatorTest (CalculatorTest.java:38) - Перед каждым
INFO  2021-05-13 22:41:18.419 [main] CalculatorTest (CalculatorTest.java:43) - После каждого
INFO  2021-05-13 22:41:18.428 [main] CalculatorTest (CalculatorTest.java:38) - Перед каждым
INFO  2021-05-13 22:41:18.431 [main] CalculatorTest (CalculatorTest.java:43) - После каждого
INFO  2021-05-13 22:41:18.437 [main] CalculatorTest (CalculatorTest.java:38) - Перед каждым
INFO  2021-05-13 22:41:18.440 [main] CalculatorTest (CalculatorTest.java:43) - После каждого
INFO  2021-05-13 22:41:18.446 [main] CalculatorTest (CalculatorTest.java:38) - Перед каждым
INFO  2021-05-13 22:41:18.449 [main] CalculatorTest (CalculatorTest.java:43) - После каждого
INFO  2021-05-13 22:41:18.456 [main] CalculatorTest (CalculatorTest.java:38) - Перед каждым
INFO  2021-05-13 22:41:18.459 [main] CalculatorTest (CalculatorTest.java:43) - После каждого
INFO  2021-05-13 22:41:18.474 [main] CalculatorTest (CalculatorTest.java:38) - Перед каждым
INFO  2021-05-13 22:41:18.477 [main] CalculatorTest (CalculatorTest.java:43) - После каждого
INFO  2021-05-13 22:41:18.494 [main] CalculatorTest (CalculatorTest.java:38) - Перед каждым
INFO  2021-05-13 22:41:18.496 [main] CalculatorTest (CalculatorTest.java:43) - После каждого
INFO  2021-05-13 22:41:18.502 [main] CalculatorTest (CalculatorTest.java:38) - Перед каждым
INFO  2021-05-13 22:41:18.505 [main] CalculatorTest (CalculatorTest.java:43) - После каждого
INFO  2021-05-13 22:41:18.511 [main] CalculatorTest (CalculatorTest.java:38) - Перед каждым
INFO  2021-05-13 22:41:18.513 [main] CalculatorTest (CalculatorTest.java:43) - После каждого
INFO  2021-05-13 22:41:18.520 [main] CalculatorTest (CalculatorTest.java:38) - Перед каждым
INFO  2021-05-13 22:41:18.527 [main] CalculatorTest (CalculatorTest.java:43) - После каждого
INFO  2021-05-13 22:41:18.534 [main] CalculatorTest (CalculatorTest.java:38) - Перед каждым
INFO  2021-05-13 22:41:18.537 [main] CalculatorTest (CalculatorTest.java:43) - После каждого
INFO  2021-05-13 22:41:18.547 [main] CalculatorTest (CalculatorTest.java:38) - Перед каждым
INFO  2021-05-13 22:41:18.554 [main] CalculatorTest (CalculatorTest.java:43) - После каждого
INFO  2021-05-13 22:41:18.560 [main] CalculatorTest (CalculatorTest.java:38) - Перед каждым
INFO  2021-05-13 22:41:18.563 [main] CalculatorTest (CalculatorTest.java:43) - После каждого
INFO  2021-05-13 22:41:18.571 [main] CalculatorTest (CalculatorTest.java:38) - Перед каждым
INFO  2021-05-13 22:41:18.574 [main] CalculatorTest (CalculatorTest.java:43) - После каждого
INFO  2021-05-13 22:41:18.581 [main] CalculatorTest (CalculatorTest.java:38) - Перед каждым
INFO  2021-05-13 22:41:18.583 [main] CalculatorTest (CalculatorTest.java:43) - После каждого
INFO  2021-05-13 22:41:18.595 [main] CalculatorTest (CalculatorTest.java:38) - Перед каждым
INFO  2021-05-13 22:41:18.598 [main] CalculatorTest (CalculatorTest.java:43) - После каждого
INFO  2021-05-13 22:41:18.608 [main] CalculatorTest (CalculatorTest.java:38) - Перед каждым
INFO  2021-05-13 22:41:18.610 [main] CalculatorTest (CalculatorTest.java:43) - После каждого
INFO  2021-05-13 22:41:18.614 [main] CalculatorTest (CalculatorTest.java:38) - Перед каждым
INFO  2021-05-13 22:41:18.617 [main] CalculatorTest (CalculatorTest.java:43) - После каждого
INFO  2021-05-13 22:41:18.623 [main] CalculatorTest (CalculatorTest.java:38) - Перед каждым
INFO  2021-05-13 22:41:18.625 [main] CalculatorTest (CalculatorTest.java:43) - После каждого
INFO  2021-05-13 22:41:18.648 [main] CalculatorTest (CalculatorTest.java:38) - Перед каждым
INFO  2021-05-13 22:41:18.650 [main] CalculatorTest (CalculatorTest.java:43) - После каждого
INFO  2021-05-13 22:41:18.659 [main] CalculatorTest (CalculatorTest.java:38) - Перед каждым
INFO  2021-05-13 22:41:18.661 [main] CalculatorTest (CalculatorTest.java:43) - После каждого
INFO  2021-05-13 22:41:18.667 [main] CalculatorTest (CalculatorTest.java:38) - Перед каждым
INFO  2021-05-13 22:41:18.670 [main] CalculatorTest (CalculatorTest.java:43) - После каждого
INFO  2021-05-13 22:41:18.679 [main] CalculatorTest (CalculatorTest.java:38) - Перед каждым
INFO  2021-05-13 22:41:18.681 [main] CalculatorTest (CalculatorTest.java:43) - После каждого
INFO  2021-05-13 22:41:18.687 [main] CalculatorTest (CalculatorTest.java:38) - Перед каждым
INFO  2021-05-13 22:41:18.690 [main] CalculatorTest (CalculatorTest.java:43) - После каждого
INFO  2021-05-13 22:41:18.698 [main] CalculatorTest (CalculatorTest.java:38) - Перед каждым
INFO  2021-05-13 22:41:18.700 [main] CalculatorTest (CalculatorTest.java:43) - После каждого
INFO  2021-05-13 22:41:18.707 [main] CalculatorTest (CalculatorTest.java:38) - Перед каждым
INFO  2021-05-13 22:41:18.709 [main] CalculatorTest (CalculatorTest.java:43) - После каждого
INFO  2021-05-13 22:41:18.716 [main] CalculatorTest (CalculatorTest.java:38) - Перед каждым
INFO  2021-05-13 22:41:18.720 [main] CalculatorTest (CalculatorTest.java:43) - После каждого
INFO  2021-05-13 22:41:18.732 [main] CalculatorTest (CalculatorTest.java:38) - Перед каждым
INFO  2021-05-13 22:41:18.737 [main] CalculatorTest (CalculatorTest.java:43) - После каждого
INFO  2021-05-13 22:41:18.748 [main] CalculatorTest (CalculatorTest.java:38) - Перед каждым
INFO  2021-05-13 22:41:18.750 [main] CalculatorTest (CalculatorTest.java:43) - После каждого
INFO  2021-05-13 22:41:18.756 [main] CalculatorTest (CalculatorTest.java:38) - Перед каждым
INFO  2021-05-13 22:41:18.758 [main] CalculatorTest (CalculatorTest.java:43) - После каждого
INFO  2021-05-13 22:41:18.768 [main] CalculatorTest (CalculatorTest.java:38) - Перед каждым
INFO  2021-05-13 22:41:18.771 [main] CalculatorTest (CalculatorTest.java:43) - После каждого
INFO  2021-05-13 22:41:18.779 [main] CalculatorTest (CalculatorTest.java:38) - Перед каждым
INFO  2021-05-13 22:41:18.781 [main] CalculatorTest (CalculatorTest.java:43) - После каждого
INFO  2021-05-13 22:41:18.787 [main] CalculatorTest (CalculatorTest.java:38) - Перед каждым
INFO  2021-05-13 22:41:18.791 [main] CalculatorTest (CalculatorTest.java:43) - После каждого
INFO  2021-05-13 22:41:18.797 [main] CalculatorTest (CalculatorTest.java:38) - Перед каждым
INFO  2021-05-13 22:41:18.800 [main] CalculatorTest (CalculatorTest.java:43) - После каждого
INFO  2021-05-13 22:41:18.810 [main] CalculatorTest (CalculatorTest.java:38) - Перед каждым
INFO  2021-05-13 22:41:18.812 [main] CalculatorTest (CalculatorTest.java:43) - После каждого
INFO  2021-05-13 22:41:18.818 [main] CalculatorTest (CalculatorTest.java:38) - Перед каждым
INFO  2021-05-13 22:41:18.821 [main] CalculatorTest (CalculatorTest.java:43) - После каждого
INFO  2021-05-13 22:41:18.827 [main] CalculatorTest (CalculatorTest.java:38) - Перед каждым
INFO  2021-05-13 22:41:18.830 [main] CalculatorTest (CalculatorTest.java:43) - После каждого
INFO  2021-05-13 22:41:18.835 [main] CalculatorTest (CalculatorTest.java:38) - Перед каждым
INFO  2021-05-13 22:41:18.840 [main] CalculatorTest (CalculatorTest.java:43) - После каждого
INFO  2021-05-13 22:41:18.848 [main] CalculatorTest (CalculatorTest.java:38) - Перед каждым
INFO  2021-05-13 22:41:18.851 [main] CalculatorTest (CalculatorTest.java:43) - После каждого
INFO  2021-05-13 22:41:18.859 [main] CalculatorTest (CalculatorTest.java:38) - Перед каждым
INFO  2021-05-13 22:41:18.862 [main] CalculatorTest (CalculatorTest.java:43) - После каждого
INFO  2021-05-13 22:41:18.869 [main] CalculatorTest (CalculatorTest.java:38) - Перед каждым
INFO  2021-05-13 22:41:18.872 [main] CalculatorTest (CalculatorTest.java:43) - После каждого
INFO  2021-05-13 22:41:18.879 [main] CalculatorTest (CalculatorTest.java:38) - Перед каждым
INFO  2021-05-13 22:41:18.881 [main] CalculatorTest (CalculatorTest.java:43) - После каждого
INFO  2021-05-13 22:41:18.887 [main] CalculatorTest (CalculatorTest.java:38) - Перед каждым
INFO  2021-05-13 22:41:18.890 [main] CalculatorTest (CalculatorTest.java:43) - После каждого
INFO  2021-05-13 22:41:18.897 [main] CalculatorTest (CalculatorTest.java:38) - Перед каждым
INFO  2021-05-13 22:41:18.899 [main] CalculatorTest (CalculatorTest.java:43) - После каждого
INFO  2021-05-13 22:41:18.905 [main] CalculatorTest (CalculatorTest.java:38) - Перед каждым
INFO  2021-05-13 22:41:18.907 [main] CalculatorTest (CalculatorTest.java:43) - После каждого
INFO  2021-05-13 22:41:18.915 [main] CalculatorTest (CalculatorTest.java:38) - Перед каждым
INFO  2021-05-13 22:41:18.918 [main] CalculatorTest (CalculatorTest.java:43) - После каждого
INFO  2021-05-13 22:41:18.951 [main] CalculatorTest (CalculatorTest.java:38) - Перед каждым
INFO  2021-05-13 22:41:18.955 [main] CalculatorTest (CalculatorTest.java:43) - После каждого
INFO  2021-05-13 22:41:18.963 [main] CalculatorTest (CalculatorTest.java:38) - Перед каждым
INFO  2021-05-13 22:41:18.966 [main] CalculatorTest (CalculatorTest.java:43) - После каждого
INFO  2021-05-13 22:41:18.971 [main] CalculatorTest (CalculatorTest.java:38) - Перед каждым
INFO  2021-05-13 22:41:18.974 [main] CalculatorTest (CalculatorTest.java:43) - После каждого
INFO  2021-05-13 22:41:18.979 [main] CalculatorTest (CalculatorTest.java:38) - Перед каждым
INFO  2021-05-13 22:41:18.982 [main] CalculatorTest (CalculatorTest.java:43) - После каждого
INFO  2021-05-13 22:41:18.988 [main] CalculatorTest (CalculatorTest.java:38) - Перед каждым
INFO  2021-05-13 22:41:18.991 [main] CalculatorTest (CalculatorTest.java:43) - После каждого
INFO  2021-05-13 22:41:18.997 [main] CalculatorTest (CalculatorTest.java:38) - Перед каждым
INFO  2021-05-13 22:41:18.999 [main] CalculatorTest (CalculatorTest.java:43) - После каждого
INFO  2021-05-13 22:41:19.005 [main] CalculatorTest (CalculatorTest.java:38) - Перед каждым
INFO  2021-05-13 22:41:19.008 [main] CalculatorTest (CalculatorTest.java:43) - После каждого
INFO  2021-05-13 22:41:19.014 [main] CalculatorTest (CalculatorTest.java:38) - Перед каждым
INFO  2021-05-13 22:41:19.017 [main] CalculatorTest (CalculatorTest.java:43) - После каждого
INFO  2021-05-13 22:41:19.023 [main] CalculatorTest (CalculatorTest.java:38) - Перед каждым
INFO  2021-05-13 22:41:19.025 [main] CalculatorTest (CalculatorTest.java:43) - После каждого
INFO  2021-05-13 22:41:19.031 [main] CalculatorTest (CalculatorTest.java:38) - Перед каждым
INFO  2021-05-13 22:41:19.033 [main] CalculatorTest (CalculatorTest.java:43) - После каждого
INFO  2021-05-13 22:41:19.040 [main] CalculatorTest (CalculatorTest.java:38) - Перед каждым
INFO  2021-05-13 22:41:19.043 [main] CalculatorTest (CalculatorTest.java:43) - После каждого
INFO  2021-05-13 22:41:19.049 [main] CalculatorTest (CalculatorTest.java:38) - Перед каждым
INFO  2021-05-13 22:41:19.051 [main] CalculatorTest (CalculatorTest.java:43) - После каждого
INFO  2021-05-13 22:41:19.056 [main] CalculatorTest (CalculatorTest.java:38) - Перед каждым
INFO  2021-05-13 22:41:19.060 [main] CalculatorTest (CalculatorTest.java:43) - После каждого
INFO  2021-05-13 22:41:19.064 [main] CalculatorTest (CalculatorTest.java:38) - Перед каждым
INFO  2021-05-13 22:41:19.066 [main] CalculatorTest (CalculatorTest.java:43) - После каждого
INFO  2021-05-13 22:41:19.071 [main] CalculatorTest (CalculatorTest.java:38) - Перед каждым
INFO  2021-05-13 22:41:19.073 [main] CalculatorTest (CalculatorTest.java:43) - После каждого
INFO  2021-05-13 22:41:19.079 [main] CalculatorTest (CalculatorTest.java:38) - Перед каждым
INFO  2021-05-13 22:41:19.081 [main] CalculatorTest (CalculatorTest.java:43) - После каждого
INFO  2021-05-13 22:41:19.088 [main] CalculatorTest (CalculatorTest.java:38) - Перед каждым
INFO  2021-05-13 22:41:19.090 [main] CalculatorTest (CalculatorTest.java:43) - После каждого
INFO  2021-05-13 22:41:19.094 [main] CalculatorTest (CalculatorTest.java:38) - Перед каждым
INFO  2021-05-13 22:41:19.096 [main] CalculatorTest (CalculatorTest.java:43) - После каждого
INFO  2021-05-13 22:41:19.100 [main] CalculatorTest (CalculatorTest.java:38) - Перед каждым
INFO  2021-05-13 22:41:19.102 [main] CalculatorTest (CalculatorTest.java:43) - После каждого
INFO  2021-05-13 22:41:19.108 [main] CalculatorTest (CalculatorTest.java:38) - Перед каждым
INFO  2021-05-13 22:41:19.110 [main] CalculatorTest (CalculatorTest.java:43) - После каждого
INFO  2021-05-13 22:41:19.159 [main] CalculatorTest (CalculatorTest.java:38) - Перед каждым
INFO  2021-05-13 22:41:19.161 [main] CalculatorTest (CalculatorTest.java:43) - После каждого
INFO  2021-05-13 22:41:19.166 [main] CalculatorTest (CalculatorTest.java:38) - Перед каждым
INFO  2021-05-13 22:41:19.168 [main] CalculatorTest (CalculatorTest.java:43) - После каждого
INFO  2021-05-13 22:41:19.174 [main] CalculatorTest (CalculatorTest.java:38) - Перед каждым
INFO  2021-05-13 22:41:19.176 [main] CalculatorTest (CalculatorTest.java:43) - После каждого
INFO  2021-05-13 22:41:19.181 [main] CalculatorTest (CalculatorTest.java:38) - Перед каждым
INFO  2021-05-13 22:41:19.183 [main] CalculatorTest (CalculatorTest.java:43) - После каждого
INFO  2021-05-13 22:41:19.188 [main] CalculatorTest (CalculatorTest.java:38) - Перед каждым
INFO  2021-05-13 22:41:19.191 [main] CalculatorTest (CalculatorTest.java:43) - После каждого
INFO  2021-05-13 22:41:19.196 [main] CalculatorTest (CalculatorTest.java:38) - Перед каждым
INFO  2021-05-13 22:41:19.198 [main] CalculatorTest (CalculatorTest.java:43) - После каждого
INFO  2021-05-13 22:41:19.203 [main] CalculatorTest (CalculatorTest.java:38) - Перед каждым
INFO  2021-05-13 22:41:19.205 [main] CalculatorTest (CalculatorTest.java:43) - После каждого
INFO  2021-05-13 22:41:19.210 [main] CalculatorTest (CalculatorTest.java:38) - Перед каждым
INFO  2021-05-13 22:41:19.213 [main] CalculatorTest (CalculatorTest.java:43) - После каждого
INFO  2021-05-13 22:41:19.217 [main] CalculatorTest (CalculatorTest.java:38) - Перед каждым
INFO  2021-05-13 22:41:19.219 [main] CalculatorTest (CalculatorTest.java:43) - После каждого
INFO  2021-05-13 22:41:19.223 [main] CalculatorTest (CalculatorTest.java:38) - Перед каждым
INFO  2021-05-13 22:41:19.226 [main] CalculatorTest (CalculatorTest.java:43) - После каждого
INFO  2021-05-13 22:41:19.231 [main] CalculatorTest (CalculatorTest.java:38) - Перед каждым
INFO  2021-05-13 22:41:19.233 [main] CalculatorTest (CalculatorTest.java:43) - После каждого
INFO  2021-05-13 22:41:19.239 [main] CalculatorTest (CalculatorTest.java:38) - Перед каждым
INFO  2021-05-13 22:41:19.241 [main] CalculatorTest (CalculatorTest.java:43) - После каждого
INFO  2021-05-13 22:41:19.245 [main] CalculatorTest (CalculatorTest.java:38) - Перед каждым
INFO  2021-05-13 22:41:19.248 [main] CalculatorTest (CalculatorTest.java:43) - После каждого
INFO  2021-05-13 22:41:19.253 [main] CalculatorTest (CalculatorTest.java:38) - Перед каждым
INFO  2021-05-13 22:41:19.257 [main] CalculatorTest (CalculatorTest.java:43) - После каждого
INFO  2021-05-13 22:41:19.262 [main] CalculatorTest (CalculatorTest.java:38) - Перед каждым
INFO  2021-05-13 22:41:19.264 [main] CalculatorTest (CalculatorTest.java:43) - После каждого
INFO  2021-05-13 22:41:19.270 [main] CalculatorTest (CalculatorTest.java:38) - Перед каждым
INFO  2021-05-13 22:41:19.273 [main] CalculatorTest (CalculatorTest.java:43) - После каждого
INFO  2021-05-13 22:41:19.281 [main] CalculatorTest (CalculatorTest.java:38) - Перед каждым
INFO  2021-05-13 22:41:19.284 [main] CalculatorTest (CalculatorTest.java:43) - После каждого
INFO  2021-05-13 22:41:19.289 [main] CalculatorTest (CalculatorTest.java:38) - Перед каждым
INFO  2021-05-13 22:41:19.291 [main] CalculatorTest (CalculatorTest.java:43) - После каждого
INFO  2021-05-13 22:41:19.296 [main] CalculatorTest (CalculatorTest.java:38) - Перед каждым
INFO  2021-05-13 22:41:19.298 [main] CalculatorTest (CalculatorTest.java:43) - После каждого
INFO  2021-05-13 22:41:19.304 [main] CalculatorTest (CalculatorTest.java:38) - Перед каждым
INFO  2021-05-13 22:41:19.307 [main] CalculatorTest (CalculatorTest.java:43) - После каждого
INFO  2021-05-13 22:41:19.312 [main] CalculatorTest (CalculatorTest.java:38) - Перед каждым
INFO  2021-05-13 22:41:19.314 [main] CalculatorTest (CalculatorTest.java:43) - После каждого
INFO  2021-05-13 22:41:19.319 [main] CalculatorTest (CalculatorTest.java:38) - Перед каждым
INFO  2021-05-13 22:41:19.322 [main] CalculatorTest (CalculatorTest.java:43) - После каждого
INFO  2021-05-13 22:41:19.327 [main] CalculatorTest (CalculatorTest.java:38) - Перед каждым
INFO  2021-05-13 22:41:19.329 [main] CalculatorTest (CalculatorTest.java:43) - После каждого
INFO  2021-05-13 22:41:19.335 [main] CalculatorTest (CalculatorTest.java:38) - Перед каждым
INFO  2021-05-13 22:41:19.338 [main] CalculatorTest (CalculatorTest.java:43) - После каждого
INFO  2021-05-13 22:41:19.345 [main] CalculatorTest (CalculatorTest.java:38) - Перед каждым
INFO  2021-05-13 22:41:19.347 [main] CalculatorTest (CalculatorTest.java:43) - После каждого
INFO  2021-05-13 22:41:19.355 [main] CalculatorTest (CalculatorTest.java:38) - Перед каждым
INFO  2021-05-13 22:41:19.357 [main] CalculatorTest (CalculatorTest.java:43) - После каждого
INFO  2021-05-13 22:41:19.363 [main] CalculatorTest (CalculatorTest.java:38) - Перед каждым
INFO  2021-05-13 22:41:19.365 [main] CalculatorTest (CalculatorTest.java:43) - После каждого
INFO  2021-05-13 22:41:19.369 [main] CalculatorTest (CalculatorTest.java:38) - Перед каждым
INFO  2021-05-13 22:41:19.372 [main] CalculatorTest (CalculatorTest.java:43) - После каждого
INFO  2021-05-13 22:41:19.378 [main] CalculatorTest (CalculatorTest.java:38) - Перед каждым
INFO  2021-05-13 22:41:19.379 [main] CalculatorTest (CalculatorTest.java:43) - После каждого
INFO  2021-05-13 22:41:19.384 [main] CalculatorTest (CalculatorTest.java:38) - Перед каждым
INFO  2021-05-13 22:41:19.387 [main] CalculatorTest (CalculatorTest.java:43) - После каждого
INFO  2021-05-13 22:41:19.393 [main] CalculatorTest (CalculatorTest.java:38) - Перед каждым
INFO  2021-05-13 22:41:19.395 [main] CalculatorTest (CalculatorTest.java:43) - После каждого
INFO  2021-05-13 22:41:19.399 [main] CalculatorTest (CalculatorTest.java:38) - Перед каждым
INFO  2021-05-13 22:41:19.401 [main] CalculatorTest (CalculatorTest.java:43) - После каждого
INFO  2021-05-13 22:41:19.407 [main] CalculatorTest (CalculatorTest.java:38) - Перед каждым
INFO  2021-05-13 22:41:19.409 [main] CalculatorTest (CalculatorTest.java:43) - После каждого
INFO  2021-05-13 22:41:19.414 [main] CalculatorTest (CalculatorTest.java:38) - Перед каждым
INFO  2021-05-13 22:41:19.416 [main] CalculatorTest (CalculatorTest.java:43) - После каждого
INFO  2021-05-13 22:41:19.421 [main] CalculatorTest (CalculatorTest.java:38) - Перед каждым
INFO  2021-05-13 22:41:19.424 [main] CalculatorTest (CalculatorTest.java:43) - После каждого
INFO  2021-05-13 22:41:19.435 [main] CalculatorTest (CalculatorTest.java:38) - Перед каждым
INFO  2021-05-13 22:41:19.437 [main] CalculatorTest (CalculatorTest.java:43) - После каждого
INFO  2021-05-13 22:41:19.446 [main] CalculatorTest (CalculatorTest.java:38) - Перед каждым
INFO  2021-05-13 22:41:19.448 [main] CalculatorTest (CalculatorTest.java:43) - После каждого
INFO  2021-05-13 22:41:19.453 [main] CalculatorTest (CalculatorTest.java:38) - Перед каждым
INFO  2021-05-13 22:41:19.457 [main] CalculatorTest (CalculatorTest.java:43) - После каждого
INFO  2021-05-13 22:41:19.462 [main] CalculatorTest (CalculatorTest.java:38) - Перед каждым
INFO  2021-05-13 22:41:19.464 [main] CalculatorTest (CalculatorTest.java:43) - После каждого
INFO  2021-05-13 22:41:19.469 [main] CalculatorTest (CalculatorTest.java:38) - Перед каждым
INFO  2021-05-13 22:41:19.472 [main] CalculatorTest (CalculatorTest.java:43) - После каждого
INFO  2021-05-13 22:41:19.478 [main] CalculatorTest (CalculatorTest.java:38) - Перед каждым
INFO  2021-05-13 22:41:19.480 [main] CalculatorTest (CalculatorTest.java:43) - После каждого
INFO  2021-05-13 22:41:19.487 [main] CalculatorTest (CalculatorTest.java:38) - Перед каждым
INFO  2021-05-13 22:41:19.490 [main] CalculatorTest (CalculatorTest.java:43) - После каждого
INFO  2021-05-13 22:41:19.495 [main] CalculatorTest (CalculatorTest.java:38) - Перед каждым
INFO  2021-05-13 22:41:19.497 [main] CalculatorTest (CalculatorTest.java:43) - После каждого
INFO  2021-05-13 22:41:19.503 [main] CalculatorTest (CalculatorTest.java:38) - Перед каждым
INFO  2021-05-13 22:41:19.506 [main] CalculatorTest (CalculatorTest.java:43) - После каждого
INFO  2021-05-13 22:41:19.511 [main] CalculatorTest (CalculatorTest.java:38) - Перед каждым
INFO  2021-05-13 22:41:19.513 [main] CalculatorTest (CalculatorTest.java:43) - После каждого
INFO  2021-05-13 22:41:19.518 [main] CalculatorTest (CalculatorTest.java:38) - Перед каждым
INFO  2021-05-13 22:41:19.520 [main] CalculatorTest (CalculatorTest.java:43) - После каждого
INFO  2021-05-13 22:41:19.527 [main] CalculatorTest (CalculatorTest.java:38) - Перед каждым
INFO  2021-05-13 22:41:19.529 [main] CalculatorTest (CalculatorTest.java:43) - После каждого
INFO  2021-05-13 22:41:19.532 [main] CalculatorTest (CalculatorTest.java:38) - Перед каждым
INFO  2021-05-13 22:41:19.534 [main] CalculatorTest (CalculatorTest.java:43) - После каждого
INFO  2021-05-13 22:41:19.540 [main] CalculatorTest (CalculatorTest.java:38) - Перед каждым
INFO  2021-05-13 22:41:19.542 [main] CalculatorTest (CalculatorTest.java:43) - После каждого
INFO  2021-05-13 22:41:19.548 [main] CalculatorTest (CalculatorTest.java:38) - Перед каждым
INFO  2021-05-13 22:41:19.550 [main] CalculatorTest (CalculatorTest.java:43) - После каждого
INFO  2021-05-13 22:41:19.557 [main] CalculatorTest (CalculatorTest.java:38) - Перед каждым
INFO  2021-05-13 22:41:19.560 [main] CalculatorTest (CalculatorTest.java:43) - После каждого
INFO  2021-05-13 22:41:19.563 [main] CalculatorTest (CalculatorTest.java:38) - Перед каждым
INFO  2021-05-13 22:41:19.564 [main] CalculatorTest (CalculatorTest.java:43) - После каждого
INFO  2021-05-13 22:41:19.567 [main] CalculatorTest (CalculatorTest.java:38) - Перед каждым
INFO  2021-05-13 22:41:19.569 [main] CalculatorTest (CalculatorTest.java:43) - После каждого
